[[0.75 0.25 0.   0.   0.  ]
 [1.   0.   0.   0.   0.  ]
 [0.   0.   0.   0.   0.  ]
 [0.   0.   0.   0.   0.  ]
 [0.   0.   0.   0.   0.  ]]
[[0.66666667 0.33333333 0.         0.         0.        ]
 [1.         0.         0.         0.         0.        ]
 [0.         0.         0.         0.         0.        ]
 [0.         0.         0.         0.         0.        ]
 [0.         0.         0.         0.         0.        ]]
[[0.66666667 0.33333333 0.         0.         0.        ]
 [1.         0.         0.         0.         0.        ]
 [0.         0.         0.         0.         0.        ]
 [0.         0.         0.         0.         0.        ]
 [0.         0.         0.         0.         0.        ]]
[[1. 0. 0. 0. 0.]
 [0. 0. 0. 0. 0.]
 [0. 0. 0. 0. 0.]
 [0. 0. 0. 0. 0.]
 [0. 0. 0. 0. 0.]]
[[1. 0. 0. 0. 0.]
 [0. 0. 0. 0. 0.]
 [0. 0. 0. 0. 0.]
 [0. 0. 0. 0. 0.]
 [0. 0. 0. 0. 0.]]
[[1. 0. 0. 0. 0.]
 [0. 0. 0. 0. 0.]
 [0. 0. 0. 0. 0.]
 [0. 0. 0. 0. 0.]
 [0. 0. 0. 0. 0.]]
[[1. 0. 0. 0. 0.]
 [0. 0. 0. 0. 0.]
 [0. 0. 0. 0. 0.]
 [0. 0. 0. 0. 0.]
 [0. 0. 0. 0. 0.]]
[[1. 0. 0. 0. 0.]
 [0. 0. 0. 0. 0.]
 [0. 0. 0. 0. 0.]
 [0. 0. 0. 0. 0.]
 [0. 0. 0. 0. 0.]]
[[0.66666667 0.33333333 0.         0.         0.        ]
 [1.         0.         0.         0.         0.        ]
 [0.         0.         0.         0.         0.        ]
 [0.         0.         0.         0.         0.        ]
 [0.         0.         0.         0.         0.        ]]
[[0.66666667 0.33333333 0.         0.         0.        ]
 [1.         0.         0.         0.         0.        ]
 [0.         0.         0.         0.         0.        ]
 [0.         0.         0.         0.         0.        ]
 [0.         0.         0.         0.         0.        ]]
[[0. 0. 0. 0. 0.]
 [0. 1. 0. 0. 0.]
 [0. 1. 0. 0. 0.]
 [0. 0. 0. 0. 0.]
 [0. 0. 0. 0. 0.]]
[[0.5        0.5        0.         0.         0.        ]
 [0.66666667 0.33333333 0.         0.         0.        ]
 [0.         0.         0.         0.         0.        ]
 [0.         0.         0.         0.         0.        ]
 [0.         0.         0.         0.         0.        ]]
[[1. 0. 0. 0. 0.]
 [1. 0. 0. 0. 0.]
 [0. 0. 0. 0. 0.]
 [0. 0. 0. 0. 0.]
 [0. 0. 0. 0. 0.]]
[[1. 0. 0. 0. 0.]
 [0. 0. 0. 0. 0.]
 [0. 0. 0. 0. 0.]
 [0. 0. 0. 0. 0.]
 [0. 0. 0. 0. 0.]]
[[1. 0. 0. 0. 0.]
 [0. 0. 0. 0. 0.]
 [0. 0. 0. 0. 0.]
 [0. 0. 0. 0. 0.]
 [0. 0. 0. 0. 0.]]
[[1. 0. 0. 0. 0.]
 [0. 0. 0. 0. 0.]
 [0. 0. 0. 0. 0.]
 [0. 0. 0. 0. 0.]
 [0. 0. 0. 0. 0.]]
[[0.66666667 0.33333333 0.         0.         0.        ]
 [1.         0.         0.         0.         0.        ]
 [0.         0.         0.         0.         0.        ]
 [0.         0.         0.         0.         0.        ]
 [0.         0.         0.         0.         0.        ]]
[[0.5 0.5 0.  0.  0. ]
 [1.  0.  0.  0.  0. ]
 [0.  1.  0.  0.  0. ]
 [0.  0.  0.  0.  0. ]
 [0.  0.  0.  0.  0. ]]
[[0.         0.         0.         0.         0.        ]
 [0.         0.66666667 0.33333333 0.         0.        ]
 [0.         1.         0.         0.         0.        ]
 [0.         1.         0.         0.         0.        ]
 [0.         0.         0.         0.         0.        ]]
[[0.  0.  0.  0.  0. ]
 [0.  0.5 0.5 0.  0. ]
 [0.  1.  0.  0.  0. ]
 [0.  0.  0.  0.  0. ]
 [0.  0.  1.  0.  0. ]]
[[0.  1.  0.  0.  0. ]
 [0.5 0.5 0.  0.  0. ]
 [1.  0.  0.  0.  0. ]
 [0.  0.  0.  0.  0. ]
 [0.  0.  0.  0.  0. ]]
[[1. 0. 0. 0. 0.]
 [1. 0. 0. 0. 0.]
 [0. 0. 0. 0. 0.]
 [0. 0. 0. 0. 0.]
 [0. 0. 0. 0. 0.]]
[[0.75 0.25 0.   0.   0.  ]
 [1.   0.   0.   0.   0.  ]
 [0.   0.   0.   0.   0.  ]
 [0.   0.   0.   0.   0.  ]
 [0.   0.   0.   0.   0.  ]]
[[1. 0. 0. 0. 0.]
 [0. 0. 0. 0. 0.]
 [0. 0. 0. 0. 0.]
 [0. 0. 0. 0. 0.]
 [0. 0. 0. 0. 0.]]
[[0.66666667 0.33333333 0.         0.         0.        ]
 [1.         0.         0.         0.         0.        ]
 [0.         0.         0.         0.         0.        ]
 [0.         0.         0.         0.         0.        ]
 [0.         0.         0.         0.         0.        ]]
[[0.         0.         0.         0.         0.        ]
 [0.         0.66666667 0.33333333 0.         0.        ]
 [0.         1.         0.         0.         0.        ]
 [0.         0.         0.         0.         0.        ]
 [0.         0.         0.         0.         0.        ]]
[[0. 0. 0. 0. 0.]
 [0. 0. 0. 0. 0.]
 [0. 0. 0. 0. 0.]
 [0. 0. 0. 0. 1.]
 [0. 0. 0. 0. 1.]]
[[0.         0.         0.         0.         0.        ]
 [0.         0.         0.         0.         0.        ]
 [0.         0.         0.33333333 0.66666667 0.        ]
 [0.         0.         1.         0.         0.        ]
 [0.         0.         0.         0.         0.        ]]
[[0.         0.         0.         0.         0.        ]
 [0.         0.66666667 0.33333333 0.         0.        ]
 [0.         1.         0.         0.         0.        ]
 [0.         1.         0.         0.         0.        ]
 [0.         0.         0.         0.         0.        ]]
[[0.   0.   0.   0.   0.  ]
 [0.   0.   0.   0.   0.  ]
 [0.   0.   0.75 0.   0.25]
 [0.   0.   0.   0.   0.  ]
 [0.   0.   1.   0.   0.  ]]